49256808
50045010
51032792
53120691
53260857
53680593
53798540
53906930
54010683
54079547
54259018
54363333
54386741
1006424030894023206
1006449035584518125
1009603146829010717
1024843973992564070
1029725853385454862
1044494713208775719
1145137100118714801
1206585821470284535
1258040936624246162
1262927840177538538
1265131339082869342
1273402408711939255
1279037771055884104
1318274887994564435
1386318661574983334
1463110391503205325
498484501738899359
577470628143584577
614621079133481740
790553749561046993
816843953985724817
852201389970746336
858212884795788379
916891461698338416
938616171360236293
955264696350575170
964555063744094541
